4096 0.0
4095 0.0
4094 0.0
4093 0.0
4092 0.0
4091 0.0
4090 0.0
4089 0.0
4088 0.0
4087 0.0
4086 0.0
4085 0.0
4084 0.0
4083 0.0
4082 0.0
4081 0.0
4080 0.0
4079 0.0
4078 0.0
4077 0.0
4076 0.0
4075 0.0
4074 0.0
4073 0.0
4072 0.0
4071 0.0
4070 0.0
4069 0.0
4068 0.0
4067 0.0
4066 0.0
4065 0.0
4064 0.0
4063 0.0
4062 0.0
4061 0.0
4060 0.0
4059 0.0
4058 0.0
4057 0.0
4056 0.0
4055 0.0
4054 0.0
4053 0.0
4052 0.0
4051 0.0
4050 0.0
4049 0.0
4048 0.0
4047 0.0
4046 0.0
4045 0.0
4044 0.0
4043 0.0
4042 0.0
4041 0.0
4040 0.0
4039 0.0
4038 0.0
4037 0.0
4036 0.0
4035 0.0
4034 0.0
4033 0.0
4032 0.0
4031 0.0
4030 0.0
4029 0.0
4028 0.0
4027 0.0
4026 0.0
4025 0.0
4024 0.0
4023 0.0
4022 0.0
4021 0.0
4020 0.0
4019 0.0
4018 0.0
4017 0.0
4016 0.0
4015 0.0
4014 0.0
4013 0.0
4012 0.0
4011 0.0
4010 0.0
4009 0.0
4008 0.0
4007 0.0
4006 0.0
4005 0.0
4004 0.0
4003 0.0
4002 0.0
4001 0.0
4000 0.0
3999 0.0
3998 0.0
3997 0.0
3996 0.0
3995 0.0
3994 0.0
3993 0.0
3992 0.0
3991 0.0
3990 0.0
3989 0.0
3988 0.0
3987 0.0
3986 0.0
3985 0.0
3984 0.0
3983 0.0
3982 0.0
3981 0.0
3980 0.0
3979 0.0
3978 0.0
3977 0.0
3976 0.0
3975 0.0
3974 0.0
3973 0.0
3972 0.0
3971 0.0
3970 0.0
3969 0.0
3968 0.0
3967 0.0
3966 0.0
3965 0.0
3964 0.0
3963 0.0
3962 0.0
3961 0.0
3960 0.0
3959 0.0
3958 0.0
3957 0.0
3956 0.0
3955 0.0
3954 0.0
3953 0.0
3952 0.0
3951 0.0
3950 0.0
3949 0.0
3948 0.0
3947 0.0
3946 0.0
3945 0.0
3944 0.0
3943 0.0
3942 0.0
3941 0.0
3940 0.0
3939 0.0
3938 0.0
3937 0.0
3936 0.0
3935 0.0
3934 0.0
3933 0.0
3932 0.0
3931 0.0
3930 0.0
3929 0.0
3928 0.0
3927 0.0
3926 0.0
3925 0.0
3924 0.0
3923 0.0
3922 0.0
3921 0.0
3920 0.0
3919 0.0
3918 0.0
3917 0.0
3916 0.0
3915 0.0
3914 0.0
3913 0.0
3912 0.0
3911 0.0
3910 0.0
3909 0.0
3908 0.0
3907 0.0
3906 0.0
3905 0.0
3904 0.0
3903 0.0
3902 0.0
3901 0.0
3900 0.0
3899 0.0
3898 0.0
3897 0.0
3896 0.0
3895 0.0
3894 0.0
3893 0.0
3892 0.0
3891 0.0
3890 0.0
3889 0.0
3888 0.0
3887 0.0
3886 0.0
3885 0.0
3884 0.0
3883 0.0
3882 0.0
3881 0.0
3880 0.0
3879 0.0
3878 0.0
3877 0.0
3876 0.0
3875 0.0
3874 0.0
3873 0.0
3872 0.0
3871 0.0
3870 0.0
3869 0.0
3868 0.0
3867 0.0
3866 0.0
3865 0.0
3864 0.0
3863 0.0
3862 0.0
3861 0.0
3860 0.0
3859 0.0
3858 0.0
3857 0.0
3856 0.0
3855 0.0
3854 0.0
3853 0.0
3852 0.0
3851 0.0
3850 0.0
3849 0.0
3848 0.0
3847 0.0
3846 0.0
3845 0.0
3844 0.0
3843 0.0
3842 0.0
3841 0.0
3840 0.0
3839 0.0
3838 0.0
3837 0.0
3836 0.0
3835 0.0
3834 0.0
3833 0.0
3832 0.0
3831 0.0
3830 0.0
3829 0.0
3828 0.0
3827 0.0
3826 0.0
3825 0.0
3824 0.0
3823 0.0
3822 0.0
3821 0.0
3820 0.0
3819 0.0
3818 0.0
3817 0.0
3816 0.0
3815 0.0
3814 0.0
3813 0.0
3812 0.0
3811 0.0
3810 0.0
3809 0.0
3808 0.0
3807 0.0
3806 0.0
3805 0.0
3804 0.0
3803 0.0
3802 0.0
3801 0.0
3800 0.0
3799 0.0
3798 0.0
3797 0.0
3796 0.0
3795 0.0
3794 0.0
3793 0.0
3792 0.0
3791 0.0
3790 0.0
3789 0.0
3788 0.0
3787 0.0
3786 0.0
3785 0.0
3784 0.0
3783 0.0
3782 0.0
3781 0.0
3780 0.0
3779 0.0
3778 0.0
3777 0.0
3776 0.0
3775 0.0
3774 0.0
3773 0.0
3772 0.0
3771 0.0
3770 0.0
3769 0.0
3768 0.0
3767 0.0
3766 0.0
3765 0.0
3764 0.0
3763 0.0
3762 0.0
3761 0.0
3760 0.0
3759 0.0
3758 0.0
3757 0.0
3756 0.0
3755 0.0
3754 0.0
3753 0.0
3752 0.0
3751 0.0
3750 0.0
3749 0.0
3748 0.0
3747 0.0
3746 0.0
3745 0.0
3744 0.0
3743 0.0
3742 0.0
3741 0.0
3740 0.0
3739 0.0
3738 0.0
3737 0.0
3736 0.0
3735 0.0
3734 0.0
3733 0.0
3732 0.0
3731 0.0
3730 0.0
3729 0.0
3728 0.0
3727 0.0
3726 0.0
3725 0.0
3724 0.0
3723 0.0
3722 0.0
3721 0.0
3720 0.0
3719 0.0
3718 0.0
3717 0.0
3716 0.0
3715 0.0
3714 0.0
3713 0.0
3712 0.0
3711 0.0
3710 0.0
3709 0.0
3708 0.0
3707 0.0
3706 0.0
3705 0.0
3704 0.0
3703 0.0
3702 0.0
3701 0.0
3700 0.0
3699 0.0
3698 0.0
3697 0.0
3696 0.0
3695 0.0
3694 0.0
3693 0.0
3692 0.0
3691 0.0
3690 0.0
3689 0.0
3688 0.0
3687 0.0
3686 0.0
3685 0.0
3684 0.0
3683 0.0
3682 0.0
3681 0.0
3680 0.0
3679 0.0
3678 0.0
3677 0.0
3676 0.0
3675 0.0
3674 0.0
3673 0.0
3672 0.0
3671 0.0
3670 0.0
3669 0.0
3668 0.0
3667 0.0
3666 0.0
3665 0.0
3664 0.0
3663 0.0
3662 0.0
3661 0.0
3660 0.0
3659 0.0
3658 0.0
3657 0.0
3656 0.0
3655 0.0
3654 0.0
3653 0.0
3652 0.0
3651 0.0
3650 0.0
3649 0.0
3648 0.0
3647 0.0
3646 0.0
3645 0.0
3644 0.0
3643 0.0
3642 0.0
3641 0.0
3640 0.0
3639 0.0
3638 0.0
3637 0.0
3636 0.0
3635 0.0
3634 0.0
3633 0.0
3632 0.0
3631 0.0
3630 0.0
3629 0.0
3628 0.0
3627 0.0
3626 0.0
3625 0.0
3624 0.0
3623 0.0
3622 0.0
3621 0.0
3620 0.0
3619 0.0
3618 0.0
3617 0.0
3616 0.0
3615 0.0
3614 0.0
3613 0.0
3612 0.0
3611 0.0
3610 0.0
3609 0.0
3608 0.0
3607 0.0
3606 0.0
3605 0.0
3604 0.0
3603 0.0
3602 0.0
3601 0.0
3600 0.0
3599 0.0
3598 0.0
3597 0.0
3596 0.0
3595 0.0
3594 0.0
3593 0.0
3592 0.0
3591 0.0
3590 0.0
3589 0.0
3588 0.0
3587 0.0
3586 0.0
3585 0.0
3584 0.0
3583 0.0
3582 0.0
3581 0.0
3580 0.0
3579 0.0
3578 0.0
3577 0.0
3576 0.0
3575 0.0
3574 0.0
3573 0.0
3572 0.0
3571 0.0
3570 0.0
3569 0.0
3568 0.0
3567 0.0
3566 0.0
3565 0.0
3564 0.0
3563 0.0
3562 0.0
3561 0.0
3560 0.0
3559 0.0
3558 0.0
3557 0.0
3556 0.0
3555 0.0
3554 0.0
3553 0.0
3552 0.0
3551 0.0
3550 0.0
3549 0.0
3548 0.0
3547 0.0
3546 0.0
3545 0.0
3544 0.0
3543 0.0
3542 0.0
3541 0.0
3540 0.0
3539 0.0
3538 0.0
3537 0.0
3536 0.0
3535 0.0
3534 0.0
3533 0.0
3532 0.0
3531 0.0
3530 0.0
3529 0.0
3528 0.0
3527 0.0
3526 0.0
3525 0.0
3524 0.0
3523 0.0
3522 0.0
3521 0.0
3520 0.0
3519 0.0
3518 0.0
3517 0.0
3516 0.0
3515 0.0
3514 0.0
3513 0.0
3512 0.0
3511 0.0
3510 0.0
3509 0.0
3508 0.0
3507 0.0
3506 0.0
3505 0.0
3504 0.0
3503 0.0
3502 0.0
3501 0.0
3500 0.0
3499 0.0
3498 0.0
3497 0.0
3496 0.0
3495 0.0
3494 0.0
3493 0.0
3492 0.0
3491 0.0
3490 0.0
3489 0.0
3488 0.0
3487 0.0
3486 0.0
3485 0.0
3484 0.0
3483 0.0
3482 0.0
3481 0.0
3480 0.0
3479 0.0
3478 0.0
3477 0.0
3476 0.0
3475 0.0
3474 0.0
3473 0.0
3472 0.0
3471 0.0
3470 0.0
3469 0.0
3468 0.0
3467 0.0
3466 0.0
3465 0.0
3464 0.0
3463 0.0
3462 0.0
3461 0.0
3460 0.0
3459 0.0
3458 0.0
3457 0.0
3456 0.0
3455 0.0
3454 0.0
3453 0.0
3452 0.0
3451 0.0
3450 0.0
3449 0.0
3448 0.0
3447 0.0
3446 0.0
3445 0.0
3444 0.0
3443 0.0
3442 0.0
3441 0.0
3440 0.0
3439 0.0
3438 0.0
3437 0.0
3436 0.0
3435 0.0
3434 0.0
3433 0.0
3432 0.0
3431 0.0
3430 0.0
3429 0.0
3428 0.0
3427 0.0
3426 0.0
3425 0.0
3424 0.0
3423 0.0
3422 0.0
3421 0.0
3420 0.0
3419 0.0
3418 0.0
3417 0.0
3416 0.0
3415 0.0
3414 0.0
3413 0.0
3412 0.0
3411 0.0
3410 0.0
3409 0.0
3408 0.0
3407 0.0
3406 0.0
3405 0.0
3404 0.0
3403 0.0
3402 0.0
3401 0.0
3400 0.0
3399 0.0
3398 0.0
3397 0.0
3396 0.0
3395 0.0
3394 0.0
3393 0.0
3392 0.0
3391 0.0
3390 0.0
3389 0.0
3388 0.0
3387 0.0
3386 0.0
3385 0.0
3384 0.0
3383 0.0
3382 0.0
3381 0.0
3380 0.0
3379 0.0
3378 0.0
3377 0.0
3376 0.0
3375 0.0
3374 0.0
3373 0.0
3372 0.0
3371 0.0
3370 0.0
3369 0.0
3368 0.0
3367 0.0
3366 0.0
3365 0.0
3364 0.0
3363 0.0
3362 0.0
3361 0.0
3360 0.0
3359 0.0
3358 0.0
3357 0.0
3356 0.0
3355 0.0
3354 0.0
3353 0.0
3352 0.0
3351 0.0
3350 0.0
3349 0.0
3348 0.0
3347 0.0
3346 0.0
3345 0.0
3344 0.0
3343 0.0
3342 0.0
3341 0.0
3340 0.0
3339 0.0
3338 0.0
3337 0.0
3336 0.0
3335 0.0
3334 0.0
3333 0.0
3332 0.0
3331 0.0
3330 0.0
3329 0.0
3328 0.0
3327 0.0
3326 0.0
3325 0.0
3324 0.0
3323 0.0
3322 0.0
3321 0.0
3320 0.0
3319 0.0
3318 0.0
3317 0.0
3316 0.0
3315 0.0
3314 0.0
3313 0.0
3312 0.0
3311 0.0
3310 0.0
3309 0.0
3308 0.0
3307 0.0
3306 0.0
3305 0.0
3304 0.0
3303 0.0
3302 0.0
3301 0.0
3300 0.0
3299 0.0
3298 0.0
3297 0.0
3296 0.0
3295 0.0
3294 0.0
3293 0.0
3292 0.0
3291 0.0
3290 0.0
3289 0.0
3288 0.0
3287 0.0
3286 0.0
3285 0.0
3284 0.0
3283 0.0
3282 0.0
3281 0.0
3280 0.0
3279 0.0
3278 0.0
3277 0.0
3276 0.0
3275 0.0
3274 0.0
3273 0.0
3272 0.0
3271 0.0
3270 0.0
3269 0.0
3268 0.0
3267 0.0
3266 0.0
3265 0.0
3264 0.0
3263 0.0
3262 0.0
3261 0.0
3260 0.0
3259 0.0
3258 0.0
3257 0.0
3256 0.0
3255 0.0
3254 0.0
3253 0.0
3252 0.0
3251 0.0
3250 0.0
3249 0.0
3248 0.0
3247 0.0
3246 0.0
3245 0.0
3244 0.0
3243 0.0
3242 0.0
3241 0.0
3240 0.0
3239 0.0
3238 0.0
3237 0.0
3236 0.0
3235 0.0
3234 0.0
3233 0.0
3232 0.0
3231 0.0
3230 0.0
3229 0.0
3228 0.0
3227 0.0
3226 0.0
3225 0.0
3224 0.0
3223 0.0
3222 0.0
3221 0.0
3220 0.0
3219 0.0
3218 0.0
3217 0.0
3216 0.0
3215 0.0
3214 0.0
3213 0.0
3212 0.0
3211 0.0
3210 0.0
3209 0.0
3208 0.0
3207 0.0
3206 0.0
3205 0.0
3204 0.0
3203 0.0
3202 0.0
3201 0.0
3200 0.0
3199 0.0
3198 0.0
3197 0.0
3196 0.0
3195 0.0
3194 0.0
3193 0.0
3192 0.0
3191 0.0
3190 0.0
3189 0.0
3188 0.0
3187 0.0
3186 0.0
3185 0.0
3184 0.0
3183 0.0
3182 0.0
3181 0.0
3180 0.0
3179 0.0
3178 0.0
3177 0.0
3176 0.0
3175 0.0
3174 0.0
3173 0.0
3172 0.0
3171 0.0
3170 0.0
3169 0.0
3168 0.0
3167 0.0
3166 0.0
3165 0.0
3164 0.0
3163 0.0
3162 0.0
3161 0.0
3160 0.0
3159 0.0
3158 0.0
3157 0.0
3156 0.0
3155 0.0
3154 0.0
3153 0.0
3152 0.0
3151 0.0
3150 0.0
3149 0.0
3148 0.0
3147 0.0
3146 0.0
3145 0.0
3144 0.0
3143 0.0
3142 0.0
3141 0.0
3140 0.0
3139 0.0
3138 0.0
3137 0.0
3136 0.0
3135 0.0
3134 0.0
3133 0.0
3132 0.0
3131 0.0
3130 0.0
3129 0.0
3128 0.0
3127 0.0
3126 0.0
3125 0.0
3124 0.0
3123 0.0
3122 0.0
3121 0.0
3120 0.0
3119 0.0
3118 0.0
3117 0.0
3116 0.0
3115 0.0
3114 0.0
3113 0.0
3112 0.0
3111 0.0
3110 0.0
3109 0.0
3108 0.0
3107 0.0
3106 0.0
3105 0.0
3104 0.0
3103 0.0
3102 0.0
3101 0.0
3100 0.0
3099 0.0
3098 0.0
3097 0.0
3096 0.0
3095 0.0
3094 0.0
3093 0.0
3092 0.0
3091 0.0
3090 0.0
3089 0.0
3088 0.0
3087 0.0
3086 0.0
3085 0.0
3084 0.0
3083 0.0
3082 0.0
3081 0.0
3080 0.0
3079 0.0
3078 0.0
3077 0.0
3076 0.0
3075 0.0
3074 0.0
3073 0.0
3072 0.0
3071 0.0
3070 0.0
3069 0.0
3068 0.0
3067 0.0
3066 0.0
3065 0.0
3064 0.0
3063 0.0
3062 0.0
3061 0.0
3060 0.0
3059 0.0
3058 0.0
3057 0.0
3056 0.0
3055 0.0
3054 0.0
3053 0.0
3052 0.0
3051 0.0
3050 0.0
3049 0.0
3048 0.0
3047 0.0
3046 0.0
3045 0.0
3044 0.0
3043 0.0
3042 0.0
3041 0.0
3040 0.0
3039 0.0
3038 0.0
3037 0.0
3036 0.0
3035 0.0
3034 0.0
3033 0.0
3032 0.0
3031 0.0
3030 0.0
3029 0.0
3028 0.0
3027 0.0
3026 0.0
3025 0.0
3024 0.0
3023 0.0
3022 0.0
3021 0.0
3020 0.0
3019 0.0
3018 0.0
3017 0.0
3016 0.0
3015 0.0
3014 0.0
3013 0.0
3012 0.0
3011 0.0
3010 0.0
3009 0.0
3008 0.0
3007 0.0
3006 0.0
3005 0.0
3004 0.0
3003 0.0
3002 0.0
3001 0.0
3000 0.0
2999 0.0
2998 0.0
2997 0.0
2996 0.0
2995 0.0
2994 0.0
2993 0.0
2992 0.0
2991 0.0
2990 0.0
2989 0.0
2988 0.0
2987 0.0
2986 0.0
2985 0.0
2984 0.0
2983 0.0
2982 0.0
2981 0.0
2980 0.0
2979 0.0
2978 0.0
2977 0.0
2976 0.0
2975 0.0
2974 0.0
2973 0.0
2972 0.0
2971 0.0
2970 0.0
2969 0.0
2968 0.0
2967 0.0
2966 0.0
2965 0.0
2964 0.0
2963 0.0
2962 0.0
2961 0.0
2960 0.0
2959 0.0
2958 0.0
2957 0.0
2956 0.0
2955 0.0
2954 0.0
2953 0.0
2952 0.0
2951 0.0
2950 0.0
2949 0.0
2948 0.0
2947 0.0
2946 0.0
2945 0.0
2944 0.0
2943 0.0
2942 0.0
2941 0.0
2940 0.0
2939 0.0
2938 0.0
2937 0.0
2936 0.0
2935 0.0
2934 0.0
2933 0.0
2932 0.0
2931 0.0
2930 0.0
2929 0.0
2928 0.0
2927 0.0
2926 0.0
2925 0.0
2924 0.0
2923 0.0
2922 0.0
2921 0.0
2920 0.0
2919 0.0
2918 0.0
2917 0.0
2916 0.0
2915 0.0
2914 0.0
2913 0.0
2912 0.0
2911 0.0
2910 0.0
2909 0.0
2908 0.0
2907 0.0
2906 0.0
2905 0.0
2904 0.0
2903 0.0
2902 0.0
2901 0.0
2900 0.0
2899 0.0
2898 0.0
2897 0.0
2896 0.0
2895 0.0
2894 0.0
2893 0.0
2892 0.0
2891 0.0
2890 0.0
2889 0.0
2888 0.0
2887 0.0
2886 0.0
2885 0.0
2884 0.0
2883 0.0
2882 0.0
2881 0.0
2880 0.0
2879 0.0
2878 0.0
2877 0.0
2876 0.0
2875 0.0
2874 0.0
2873 0.0
2872 0.0
2871 0.0
2870 0.0
2869 0.0
2868 0.0
2867 0.0
2866 0.0
2865 0.0
2864 0.0
2863 0.0
2862 0.0
2861 0.0
2860 0.0
2859 0.0
2858 0.0
2857 0.0
2856 0.0
2855 0.0
2854 0.0
2853 0.0
2852 0.0
2851 0.0
2850 0.0
2849 0.0
2848 0.0
2847 0.0
2846 0.0
2845 0.0
2844 0.0
2843 0.0
2842 0.0
2841 0.0
2840 0.0
2839 0.0
2838 0.0
2837 0.0
2836 0.0
2835 0.0
2834 0.0
2833 0.0
2832 0.0
2831 0.0
2830 0.0
2829 0.0
2828 0.0
2827 0.0
2826 0.0
2825 0.0
2824 0.0
2823 0.0
2822 0.0
2821 0.0
2820 0.0
2819 0.0
2818 0.0
2817 0.0
2816 0.0
2815 0.0
2814 0.0
2813 0.0
2812 0.0
2811 0.0
2810 0.0
2809 0.0
2808 0.0
2807 0.0
2806 0.0
2805 0.0
2804 0.0
2803 0.0
2802 0.0
2801 0.0
2800 0.0
2799 0.0
2798 0.0
2797 0.0
2796 0.0
2795 0.0
2794 0.0
2793 0.0
2792 0.0
2791 0.0
2790 0.0
2789 0.0
2788 0.0
2787 0.0
2786 0.0
2785 0.0
2784 0.0
2783 0.0
2782 0.0
2781 0.0
2780 0.0
2779 0.0
2778 0.0
2777 0.0
2776 0.0
2775 0.0
2774 0.0
2773 0.0
2772 0.0
2771 0.0
2770 0.0
2769 0.0
2768 0.0
2767 0.0
2766 0.0
2765 0.0
2764 0.0
2763 0.0
2762 0.0
2761 0.0
2760 0.0
2759 0.0
2758 0.0
2757 0.0
2756 0.0
2755 0.0
2754 0.0
2753 0.0
2752 0.0
2751 0.0
2750 0.0
2749 0.0
2748 0.0
2747 0.0
2746 0.0
2745 0.0
2744 0.0
2743 0.0
2742 0.0
2741 0.0
2740 0.0
2739 0.0
2738 0.0
2737 0.0
2736 0.0
2735 0.0
2734 0.0
2733 0.0
2732 0.0
2731 0.0
2730 0.0
2729 0.0
2728 0.0
2727 0.0
2726 0.0
2725 0.0
2724 0.0
2723 0.0
2722 0.0
2721 0.0
2720 0.0
2719 0.0
2718 0.0
2717 0.0
2716 0.0
2715 0.0
2714 0.0
2713 0.0
2712 0.0
2711 0.0
2710 0.0
2709 0.0
2708 0.0
2707 0.0
2706 0.0
2705 0.0
2704 0.0
2703 0.0
2702 0.0
2701 0.0
2700 0.0
2699 0.0
2698 0.0
2697 0.0
2696 0.0
2695 0.0
2694 0.0
2693 0.0
2692 0.0
2691 0.0
2690 0.0
2689 0.0
2688 0.0
2687 0.0
2686 0.0
2685 0.0
2684 0.0
2683 0.0
2682 0.0
2681 0.0
2680 0.0
2679 0.0
2678 0.0
2677 0.0
2676 0.0
2675 0.0
2674 0.0
2673 0.0
2672 0.0
2671 0.0
2670 0.0
2669 0.0
2668 0.0
2667 0.0
2666 0.0
2665 0.0
2664 0.0
2663 0.0009794319294809117
2662 0.0
2661 0.0
2660 0.0
2659 0.0
2658 0.0
2657 0.0
2656 0.0
2655 0.0
2654 0.0
2653 0.0
2652 0.0
2651 0.0
2650 0.0
2649 0.0
2648 0.0
2647 0.0
2646 0.0
2645 0.0
2644 0.0
2643 0.0
2642 0.0
2641 0.0
2640 0.0
2639 0.0
2638 0.0
2637 0.0
2636 0.0
2635 0.0
2634 0.0
2633 0.0
2632 0.0
2631 0.0
2630 0.0
2629 0.0
2628 0.0
2627 0.0
2626 0.0
2625 0.0
2624 0.0
2623 0.0
2622 0.0
2621 0.0
2620 0.0
2619 0.0
2618 0.0
2617 0.0
2616 0.0
2615 0.0
2614 0.0
2613 0.0
2612 0.0
2611 0.0
2610 0.0
2609 0.0
2608 0.0
2607 0.0
2606 0.0
2605 0.0
2604 0.0
2603 0.0
2602 0.0
2601 0.0
2600 0.0
2599 0.0
2598 0.0
2597 0.0
2596 0.0
2595 0.0
2594 0.0
2593 0.0
2592 0.0
2591 0.0
2590 0.0
2589 0.0
2588 0.0
2587 0.0
2586 0.0
2585 0.0
2584 0.0
2583 0.0
2582 0.0
2581 0.0
2580 0.0
2579 0.0
2578 0.0
2577 0.0
2576 0.0
2575 0.0
2574 0.0
2573 0.0
2572 0.0
2571 0.0
2570 0.0
2569 0.0
2568 0.0
2567 0.0
2566 0.0
2565 0.0
2564 0.0009794319294809117
2563 0.0
2562 0.0
2561 0.0
2560 0.0
2559 0.0
2558 0.0
2557 0.0
2556 0.0
2555 0.0
2554 0.0
2553 0.0009794319294809117
2552 0.0
2551 0.0
2550 0.0
2549 0.0
2548 0.0
2547 0.0
2546 0.0009794319294809117
2545 0.0
2544 0.0
2543 0.0
2542 0.0
2541 0.0
2540 0.0
2539 0.0
2538 0.0
2537 0.0009794319294809117
2536 0.0
2535 0.0
2534 0.0
2533 0.0
2532 0.0
2531 0.0009794319294809117
2530 0.0
2529 0.0009794319294809117
2528 0.0
2527 0.0
2526 0.0
2525 0.0
2524 0.0
2523 0.0
2522 0.0
2521 0.0
2520 0.0
2519 0.0009794319294809117
2518 0.0
2517 0.0009794319294809117
2516 0.0
2515 0.0
2514 0.0
2513 0.0
2512 0.0
2511 0.0
2510 0.0
2509 0.0
2508 0.0
2507 0.0
2506 0.0
2505 0.0
2504 0.0
2503 0.0
2502 0.0
2501 0.0
2500 0.0
2499 0.0
2498 0.0
2497 0.0
2496 0.0
2495 0.0
2494 0.0
2493 0.0
2492 0.0
2491 0.0
2490 0.0009794319294809117
2489 0.0
2488 0.0
2487 0.0
2486 0.0
2485 0.0009794319294809117
2484 0.0
2483 0.0
2482 0.0
2481 0.0009794319294809117
2480 0.0
2479 0.0
2478 0.0009794319294809117
2477 0.0
2476 0.0
2475 0.0009794319294809117
2474 0.0
2473 0.0
2472 0.0
2471 0.0
2470 0.0
2469 0.0
2468 0.0
2467 0.0
2466 0.0
2465 0.0009794319294809117
2464 0.0
2463 0.0
2462 0.0009794319294809117
2461 0.0
2460 0.0
2459 0.0
2458 0.0
2457 0.0
2456 0.0009794319294809117
2455 0.0
2454 0.0009794319294809117
2453 0.0
2452 0.0009794319294809117
2451 0.0
2450 0.0
2449 0.0009794319294809117
2448 0.0
2447 0.0
2446 0.0
2445 0.0
2444 0.0
2443 0.0
2442 0.0
2441 0.0
2440 0.0
2439 0.0
2438 0.0009794319294809117
2437 0.0
2436 0.0
2435 0.0
2434 0.0
2433 0.0
2432 0.0
2431 0.0
2430 0.0
2429 0.0
2428 0.0
2427 0.0
2426 0.0
2425 0.0
2424 0.0
2423 0.0
2422 0.0009794319294809117
2421 0.0
2420 0.0009794319294809117
2419 0.0009794319294809117
2418 0.0
2417 0.0
2416 0.0
2415 0.0
2414 0.0009794319294809117
2413 0.0009794319294809117
2412 0.0
2411 0.0
2410 0.0
2409 0.0
2408 0.0
2407 0.0
2406 0.00195694716242667
2405 0.0
2404 0.0
2403 0.0
2402 0.00195694716242667
2401 0.0
2400 0.0009794319294809117
2399 0.0
2398 0.0009794319294809117
2397 0.00195694716242667
2396 0.0009794319294809117
2395 0.0009794319294809117
2394 0.0
2393 0.0
2392 0.0009794319294809117
2391 0.0009794319294809117
2390 0.0
2389 0.0
2388 0.0
2387 0.0
2386 0.0
2385 0.00195694716242667
2384 0.0009794319294809117
2383 0.0
2382 0.00195694716242667
2381 0.0009794319294809117
2380 0.0009794319294809117
2379 0.0
2378 0.0
2377 0.0009794319294809117
2376 0.0
2375 0.00195694716242667
2374 0.0009794319294809117
2373 0.0
2372 0.0009794319294809117
2371 0.0009794319294809117
2370 0.0
2369 0.00195694716242667
2368 0.0009794319294809117
2367 0.00195694716242667
2366 0.00195694716242667
2365 0.0009794319294809117
2364 0.0
2363 0.0
2362 0.0
2361 0.0
2360 0.00195694716242667
2359 0.0
2358 0.0009794319294809117
2357 0.0
2356 0.0
2355 0.0029325513196480912
2354 0.0
2353 0.0009794319294809117
2352 0.0
2351 0.0009794319294809117
2350 0.0009794319294809117
2349 0.0
2348 0.0009794319294809117
2347 0.00195694716242667
2346 0.0
2345 0.0
2344 0.0009794319294809117
2343 0.0009794319294809117
2342 0.0
2341 0.0009794319294809117
2340 0.0
2339 0.0009794319294809117
2338 0.00195694716242667
2337 0.0
2336 0.0009794319294809117
2335 0.0009794319294809117
2334 0.0009794319294809117
2333 0.004878048780487809
2332 0.00195694716242667
2331 0.00390625
2330 0.00195694716242667
2329 0.0
2328 0.0
2327 0.0009794319294809117
2326 0.0009794319294809117
2325 0.0009794319294809117
2324 0.0009794319294809117
2323 0.00390625
2322 0.00390625
2321 0.0009794319294809117
2320 0.0029325513196480912
2319 0.00195694716242667
2318 0.005847953216374324
2317 0.0029325513196480912
2316 0.00195694716242667
2315 0.004878048780487809
2314 0.0
2313 0.00195694716242667
2312 0.0029325513196480912
2311 0.0009794319294809117
2310 0.0009794319294809117
2309 0.00390625
2308 0.00390625
2307 0.0009794319294809117
2306 0.0029325513196480912
2305 0.0009794319294809117
2304 0.00195694716242667
2303 0.00390625
2302 0.0029325513196480912
2301 0.0009794319294809117
2300 0.004878048780487809
2299 0.0029325513196480912
2298 0.0009794319294809117
2297 0.0029325513196480912
2296 0.00195694716242667
2295 0.0
2294 0.0009794319294809117
2293 0.00195694716242667
2292 0.0009794319294809117
2291 0.0029325513196480912
2290 0.0029325513196480912
2289 0.00195694716242667
2288 0.005847953216374324
2287 0.005847953216374324
2286 0.0029325513196480912
2285 0.0029325513196480912
2284 0.004878048780487809
2283 0.006815968841285325
2282 0.0029325513196480912
2281 0.005847953216374324
2280 0.004878048780487809
2279 0.004878048780487809
2278 0.00390625
2277 0.00195694716242667
2276 0.00390625
2275 0.0029325513196480912
2274 0.0029325513196480912
2273 0.0009794319294809117
2272 0.00390625
2271 0.006815968841285325
2270 0.0077821011673151474
2269 0.00390625
2268 0.004878048780487809
2267 0.0029325513196480912
2266 0.00390625
2265 0.006815968841285325
2264 0.00195694716242667
2263 0.004878048780487809
2262 0.004878048780487809
2261 0.005847953216374324
2260 0.0029325513196480912
2259 0.0029325513196480912
2258 0.008746355685131157
2257 0.005847953216374324
2256 0.00390625
2255 0.00390625
2254 0.005847953216374324
2253 0.00390625
2252 0.00390625
2251 0.004878048780487809
2250 0.006815968841285325
2249 0.0029325513196480912
2248 0.0029325513196480912
2247 0.004878048780487809
2246 0.01066925315227929
2245 0.005847953216374324
2244 0.0077821011673151474
2243 0.005847953216374324
2242 0.008746355685131157
2241 0.013539651837524147
2240 0.005847953216374324
2239 0.0077821011673151474
2238 0.006815968841285325
2237 0.0029325513196480912
2236 0.00390625
2235 0.009708737864077666
2234 0.006815968841285325
2233 0.006815968841285325
2232 0.0077821011673151474
2231 0.006815968841285325
2230 0.008746355685131157
2229 0.0077821011673151474
2228 0.006815968841285325
2227 0.005847953216374324
2226 0.004878048780487809
2225 0.00195694716242667
2224 0.008746355685131157
2223 0.004878048780487809
2222 0.01066925315227929
2221 0.011627906976744207
2220 0.008746355685131157
2219 0.008746355685131157
2218 0.008746355685131157
2217 0.009708737864077666
2216 0.0077821011673151474
2215 0.01066925315227929
2214 0.013539651837524147
2213 0.009708737864077666
2212 0.009708737864077666
2211 0.00195694716242667
2210 0.009708737864077666
2209 0.005847953216374324
2208 0.009708737864077666
2207 0.006815968841285325
2206 0.011627906976744207
2205 0.009708737864077666
2204 0.008746355685131157
2203 0.018286814244465877
2202 0.01066925315227929
2201 0.01066925315227929
2200 0.008746355685131157
2199 0.01449275362318836
2198 0.005847953216374324
2197 0.006815968841285325
2196 0.012584704743465625
2195 0.015444015444015413
2194 0.015444015444015413
2193 0.016393442622950838
2192 0.015444015444015413
2191 0.011627906976744207
2190 0.009708737864077666
2189 0.013539651837524147
2188 0.011627906976744207
2187 0.011627906976744207
2186 0.012584704743465625
2185 0.01066925315227929
2184 0.015444015444015413
2183 0.012584704743465625
2182 0.017341040462427793
2181 0.011627906976744207
2180 0.02017291066282423
2179 0.016393442622950838
2178 0.015444015444015413
2177 0.012584704743465625
2176 0.012584704743465625
2175 0.021113243761996192
2174 0.01449275362318836
2173 0.01449275362318836
2172 0.019230769230769273
2171 0.017341040462427793
2170 0.016393442622950838
2169 0.018286814244465877
2168 0.0248565965583174
2167 0.008746355685131157
2166 0.02392344497607657
2165 0.021113243761996192
2164 0.013539651837524147
2163 0.016393442622950838
2162 0.019230769230769273
2161 0.02764537654909438
2160 0.011627906976744207
2159 0.021113243761996192
2158 0.017341040462427793
2157 0.021113243761996192
2156 0.021113243761996192
2155 0.012584704743465625
2154 0.02017291066282423
2153 0.02392344497607657
2152 0.012584704743465625
2151 0.017341040462427793
2150 0.026717557251908386
2149 0.02392344497607657
2148 0.017341040462427793
2147 0.02205177372962608
2146 0.02857142857142858
2145 0.02298850574712641
2144 0.02392344497607657
2143 0.021113243761996192
2142 0.02949571836346332
2141 0.02392344497607657
2140 0.021113243761996192
2139 0.02205177372962608
2138 0.02392344497607657
2137 0.03409090909090906
2136 0.026717557251908386
2135 0.02205177372962608
2134 0.032258064516129004
2133 0.03041825095057038
2132 0.0248565965583174
2131 0.02857142857142858
2130 0.02857142857142858
2129 0.033175355450236976
2128 0.0248565965583174
2127 0.033175355450236976
2126 0.02857142857142858
2125 0.04315196998123827
2124 0.02857142857142858
2123 0.031339031339031376
2122 0.02857142857142858
2121 0.026717557251908386
2120 0.03041825095057038
2119 0.035004730368968784
2118 0.03041825095057038
2117 0.03409090909090906
2116 0.03409090909090906
2115 0.032258064516129004
2114 0.03041825095057038
2113 0.03409090909090906
2112 0.03682719546742208
2111 0.03864278982092362
2110 0.035004730368968784
2109 0.040451552210724384
2108 0.04315196998123827
2107 0.040451552210724384
2106 0.039548022598870025
2105 0.037735849056603765
2104 0.04225352112676062
2103 0.04315196998123827
2102 0.04939422180801489
2101 0.037735849056603765
2100 0.040451552210724384
2099 0.04672897196261683
2098 0.03864278982092362
2097 0.04225352112676062
2096 0.04315196998123827
2095 0.04225352112676062
2094 0.0449438202247191
2093 0.05027932960893855
2092 0.04583723105706272
2091 0.035004730368968784
2090 0.05380333951762528
2089 0.039548022598870025
2088 0.04850746268656714
2087 0.04315196998123827
2086 0.04315196998123827
2085 0.04672897196261683
2084 0.05027932960893855
2083 0.052044609665427455
2082 0.051162790697674376
2081 0.04850746268656714
2080 0.05468025949953659
2079 0.04583723105706272
2078 0.05292479108635095
2077 0.05027932960893855
2076 0.04939422180801489
2075 0.05027932960893855
2074 0.05468025949953659
2073 0.06764168190127973
2072 0.05555555555555558
2071 0.061637534498620083
2070 0.04672897196261683
2069 0.059040590405904037
2068 0.06934306569343063
2067 0.05468025949953659
2066 0.0718835304822566
2065 0.05642923219241447
2064 0.07103825136612019
2063 0.06764168190127973
2062 0.08847184986595169
2061 0.0633608815426997
2060 0.06507791017415221
2059 0.05468025949953659
2058 0.07692307692307687
2057 0.0718835304822566
2056 0.0701914311759344
2055 0.07859078590785906
2054 0.074410163339383
2053 0.06934306569343063
2052 0.074410163339383
2051 0.0701914311759344
2050 0.07692307692307687
2049 0.0701914311759344
2048 0.0633608815426997
2047 0.07356948228882831
2046 0.07775768535262206
2045 0.0701914311759344
2044 0.08438061041292644
2043 0.074410163339383
2042 0.09171861086375777
2041 0.0892857142857143
2040 0.09171861086375777
2039 0.09171861086375777
2038 0.0835579514824798
2037 0.07692307692307687
2036 0.08108108108108103
2035 0.08190819081908196
2034 0.09009812667261374
2033 0.10604732690622265
2032 0.08683974932855865
2031 0.0957446808510638
2030 0.09654561558901686
2029 0.07692307692307687
2028 0.1122715404699739
2027 0.102112676056338
2026 0.09893992932862195
2025 0.0957446808510638
2024 0.09090909090909094
2023 0.09814323607427056
2022 0.10132158590308371
2021 0.11917098445595853
2020 0.10447761194029848
2019 0.10994764397905754
2018 0.10917030567685593
2017 0.09893992932862195
2016 0.10526315789473684
2015 0.1036906854130053
2014 0.10917030567685593
2013 0.11304347826086958
2012 0.13705583756345174
2011 0.11535125758889853
2010 0.12371134020618557
2009 0.11764705882352944
2008 0.11149825783972123
2007 0.131175468483816
2006 0.13265306122448983
2005 0.12144702842377264
2004 0.12894961571306574
2003 0.13778529163144548
2002 0.1428571428571429
2001 0.13778529163144548
2000 0.1392405063291139
1999 0.13043478260869568
1998 0.11917098445595853
1997 0.151414309484193
1996 0.1435768261964736
1995 0.13559322033898302
1994 0.14715719063545152
1993 0.1556291390728477
1992 0.15492957746478875
1991 0.1740890688259109
1990 0.16118421052631582
1989 0.1485809682804674
1988 0.15980230642504123
1987 0.16938110749185664
1986 0.15211970074812964
1985 0.16118421052631582
1984 0.16256157635467983
1983 0.1700569568755086
1982 0.151414309484193
1981 0.18918918918918914
1980 0.15980230642504123
1979 0.1485809682804674
1978 0.14929107589658053
1977 0.16049382716049387
1976 0.1700569568755086
1975 0.16802610114192496
1974 0.17808219178082196
1973 0.151414309484193
1972 0.1673469387755102
1971 0.18918918918918914
1970 0.19175911251980982
1969 0.17140536149471974
1968 0.208688906128782
1967 0.18530351437699677
1966 0.18400000000000005
1965 0.19558359621451105
1964 0.19558359621451105
1963 0.19175911251980982
1962 0.21113689095127608
1961 0.19685039370078738
1960 0.2043681747269891
1959 0.19494869771112866
1958 0.22077922077922074
1957 0.1943127962085308
1956 0.19685039370078738
1955 0.2153846153846154
1954 0.21478060046189373
1953 0.21779141104294475
1952 0.2231530845392231
1951 0.22018348623853212
1950 0.23994038748137114
1949 0.241635687732342
1948 0.2376681614349776
1947 0.2516507703595011
1946 0.23250564334085777
1945 0.23652694610778446
1944 0.23652694610778446
1943 0.2290249433106576
1942 0.2614047791455467
1941 0.26247288503253796
1940 0.25764192139737996
1939 0.2565597667638484
1938 0.25274725274725274
1937 0.24723247232472323
1936 0.2565597667638484
1935 0.26881720430107525
1934 0.25710123816460306
1933 0.26193921852387847
1932 0.2698639942734431
1931 0.2538405267008047
1930 0.2857142857142857
1929 0.27453769559032715
1928 0.2816901408450704
1927 0.2896935933147632
1926 0.28521373510861947
1925 0.3122049898853675
1924 0.28016937191249114
1923 0.3028024606971975
1922 0.2911744266851981
1921 0.3140551445864156
1920 0.29655172413793107
1919 0.3186372745490982
1918 0.30327868852459017
1917 0.28016937191249114
1916 0.30987821380243574
1915 0.3004115226337448
1914 0.31589537223340036
1913 0.30470347648261764
1912 0.3222591362126246
1911 0.3307086614173228
1910 0.33766233766233766
1909 0.3440514469453376
1908 0.34151065203357
1907 0.3346379647749511
1906 0.3419354838709677
1905 0.34151065203357
1904 0.3372319688109162
1903 0.34235976789168276
1902 0.3605015673981191
1901 0.3568726355611601
1900 0.34782608695652173
1899 0.35279187817258884
1898 0.34990439770554493
1897 0.3772893772893773
1896 0.3859121011438892
1895 0.37880633373934225
1894 0.37614678899082565
1893 0.38181818181818183
1892 0.37230769230769234
1891 0.38958707360861755
1890 0.37346437346437344
1889 0.39609236234458256
1888 0.3877551020408163
1887 0.3769089798411729
1886 0.37880633373934225
1885 0.423728813559322
1884 0.41814033086138047
1883 0.4076655052264808
1882 0.4259988745075971
1881 0.4035087719298246
1880 0.43646408839779005
1879 0.3971631205673759
1878 0.41747572815533984
1877 0.42209631728045327
1876 0.43646408839779005
1875 0.42209631728045327
1874 0.45366898768077124
1873 0.4389438943894389
1872 0.45715806279936133
1871 0.4438386041439476
1870 0.4706798131811105
1869 0.46031746031746035
1868 0.47341249354672177
1867 0.4761171032357473
1866 0.4744976816074189
1865 0.4465545306565383
1864 0.47557840616966585
1863 0.4871794871794872
1862 0.4892338507761642
1861 0.4887218045112782
1860 0.4851085310449268
1859 0.47959183673469385
1858 0.5002449779519843
1857 0.5091434071222329
1856 0.5133587786259541
1855 0.5156695156695157
1854 0.5055744062045564
1853 0.5145168967158495
1852 0.5188679245283019
1851 0.5314653192466697
1850 0.518413597733711
1849 0.5163584637268848
1848 0.5308187672493101
1847 0.5273401297497683
1846 0.5448460508701473
1845 0.5342465753424658
1844 0.5650319829424306
1843 0.5284327323162274
1842 0.566694987255735
1841 0.5719681074276122
1840 0.5765877957658779
1839 0.5532194480946124
1838 0.5588235294117647
1837 0.5778145695364238
1836 0.5701643489254109
1835 0.587378640776699
1834 0.6060254924681344
1833 0.6015625
1832 0.593625498007968
1831 0.5982670342654588
1830 0.6097934200459066
1829 0.6001568012544101
1828 0.5913461538461539
1827 0.6103896103896104
1826 0.6142208774583964
1825 0.638041163946061
1824 0.62882096069869
1823 0.6247240618101546
1822 0.6320346320346321
1821 0.6267837541163557
1820 0.6473029045643153
1819 0.6341463414634146
1818 0.6503256770654782
1817 0.6588628762541806
1816 0.6450939457202505
1815 0.6470588235294117
1814 0.6523517382413089
1813 0.6699029126213591
1812 0.6720257234726688
1811 0.6655737704918032
1810 0.6723417924831352
1809 0.6846011131725418
1808 0.6656833824975418
1807 0.6847960444993819
1806 0.6870205584535134
1805 0.6877869605142333
1804 0.6899696048632219
1803 0.6903460837887068
1802 0.6900638103919781
1801 0.7123519458544839
1800 0.6988485385296723
1799 0.7025371828521435
1798 0.7023635833090167
1797 0.7243243243243243
1796 0.7027972027972028
1795 0.7300158814187401
1794 0.7354085603112841
1793 0.737789203084833
1792 0.7321428571428572
1791 0.7371811388817315
1790 0.7496318114874816
1789 0.7356828193832599
1788 0.7587511825922422
1787 0.7461423593827775
1786 0.7411824410048211
1785 0.7582938388625593
1784 0.7549843862599087
1783 0.7558640497845859
1782 0.7605633802816901
1781 0.7788378143972247
1780 0.7811628405921476
1779 0.7704770477047704
1778 0.7799827437446074
1777 0.7858942065491183
1776 0.7903391572456321
1775 0.787765293383271
1774 0.8003523194362889
1773 0.7875442616121642
1772 0.7965290245362059
1771 0.8031648012350444
1770 0.8014405294919213
1769 0.7979397781299524
1768 0.813049853372434
1767 0.8118081180811808
1766 0.8169746994437467
1765 0.8217094913476665
1764 0.8213660245183888
1763 0.8189884649511978
1762 0.8250428816466553
1761 0.834307992202729
1760 0.83687829841676
1759 0.8404504927264196
1758 0.8294884653961886
1757 0.8441320293398533
1756 0.8311537824863433
1755 0.8379666401906275
1754 0.855072463768116
1753 0.8566811858929324
1752 0.8574224210232038
1751 0.8556467591282196
1750 0.8589016461474617
1749 0.856338028169014
1748 0.8675840581591587
1747 0.8659305993690851
1746 0.8669970009127657
1745 0.8725318670332417
1744 0.8757763975155279
1743 0.8772858517805582
1742 0.8737467508354995
1741 0.8749386954389407
1740 0.8750459389930173
1739 0.8884270400350033
1738 0.8857270894017477
1737 0.8906518010291595
1736 0.8908273573798566
1735 0.8933277556996444
1734 0.893672469509017
1733 0.899803536345776
1732 0.9056341937274494
1731 0.900768557252651
1730 0.9044943820224719
1729 0.9021207177814029
1728 0.9049748462828395
1727 0.9138949856491643
1726 0.9141124957898282
1725 0.9173084718281314
1724 0.9141558660158222
1723 0.9142785107992268
1722 0.9197987104890706
1721 0.9198680179118548
1720 0.9250165404690142
1719 0.9237668161434978
1718 0.9236126713098181
1717 0.9262686135607923
1716 0.9299546765554182
1715 0.9324905685353101
1714 0.9291961682632237
1713 0.9350442590587786
1712 0.9376718606782768
1711 0.9399187135536314
1710 0.9367363393909323
1709 0.9422227257278804
1708 0.9396342546014085
1707 0.9428891377379619
1706 0.9463778782462412
1705 0.9455564451561249
1704 0.9483675018982536
1703 0.9503480504308037
1702 0.9501100513573001
1701 0.9521733014488676
1700 0.9520518967705542
1699 0.9547029043431922
1698 0.9564344594883185
1697 0.9565606234828159
1696 0.9595703357247611
1695 0.9600313479623824
1694 0.9596774193548387
1693 0.9616411567823699
1692 0.9623004139562389
1691 0.9629804377018837
1690 0.9645402398748479
1689 0.9648651441562468
1688 0.966174763720776
1687 0.9647741400745959
1686 0.9694893960695163
1685 0.9677225404259359
1684 0.9697517867204413
1683 0.9715131542199631
1682 0.9723494808750576
1681 0.9720087815587267
1680 0.9733249646948062
1679 0.974220290148107
1678 0.9746760017875763
1677 0.9754193175245807
1676 0.9760804821424384
1675 0.9781242627662085
1674 0.9766290899092659
1673 0.9796492488178608
1672 0.9794251134644478
1671 0.9798175666317102
1670 0.9798689508170838
1669 0.9814471243042672
1668 0.9817980655983439
1667 0.98194370685077
1666 0.9833778762792517
1665 0.9840647408958115
1664 0.9838753023380812
1663 0.9848275246552725
1662 0.9851465684204395
